subunnit    name       MNI X      MNI Y     MNI Z       Talairach X   Talairach Y   Talairach Z    
342,  No_BA_region,       -7,     -58,    -16,           -6,        -58,       -10   
343,  No_BA_region,       -13,     -47,    -26,           -12,        -48,       -19   
344,  No_BA_region,       -10,     -58,    -22,           -9,        -58,       -15   
345,  No_BA_region,       -19,     -54,    -45,           -18,        -56,       -36   
346,  No_BA_region,       -20,     -57,    -35,           -19,        -58,       -27   
347,  No_BA_region,       -38,     -55,    -35,           -36,        -57,       -27   
348,  No_BA_region,       -12,     -49,    -32,           -11,        -50,       -24   
349,  No_BA_region,       -29,     -44,    -47,           -28,        -46,       -38   
350,  No_BA_region,       -21,     -69,    -39,           -20,        -70,       -30   
351,  No_BA_region,       -33,     -70,    -37,           -32,        -71,       -29   
352,  No_BA_region,       -17,     -42,    -25,           -16,        -43,       -18   
353,  No_BA_region,       -19,     -66,    -40,           -18,        -67,       -31   
354,  No_BA_region,       -27,     -81,    -36,           -27,        -81,       -27   
355,  No_BA_region,       4,     -68,    -28,           4,        -67,       -20   
356,  No_BA_region,       15,     -48,    -26,           15,        -49,       -19   
357,  No_BA_region,       14,     -59,    -25,           14,        -59,       -18   
358,  No_BA_region,       22,     -56,    -49,           22,        -58,       -39   
359,  No_BA_region,       20,     -59,    -33,           20,        -60,       -25   
360,  No_BA_region,       40,     -51,    -36,           39,        -53,       -27   
361,  No_BA_region,       13,     -47,    -32,           13,        -48,       -24   
362,  No_BA_region,       31,     -42,    -47,           30,        -44,       -37   
363,  No_BA_region,       25,     -69,    -41,           26,        -70,       -32   
364,  No_BA_region,       33,     -70,    -37,           34,        -71,       -28   
365,  No_BA_region,       19,     -41,    -41,           18,        -43,       -32   
366,  No_BA_region,       29,     -59,    -43,           29,        -61,       -34   
367,  No_BA_region,       30,     -79,    -34,           31,        -79,       -25   
115,    L.BA1.1,          -52,      -19,       37,          -51,       -18,         34  
41,    L.BA1.2,          -45,      -35,       57,          -45,       -32,         51  
79,    L.BA1.3,          -41,      -23,       57,          -41,       -20,         51  
86,    L.BA1.4,          -25,      -32,       66,          -25,       -28,         59  
155,    L.BA4.1,          -58,      -7,       25,          -56,       -7,         24  
7,    L.BA4.2,          -45,      -11,       45,          -44,       -9,         41  
75,    L.BA4.3,          -45,      -12,       15,          -43,       -13,         15  
125,    L.BA4.4,          -9,      -29,       65,          -9,       -25,         58  
83,    L.BA6.1,          -57,      6,       31,          -55,       5,         29  
46,    L.BA6.2,          -57,      -1,       6,          -54,       -3,         7  
137,    L.BA6.3,          -53,      2,       42,          -52,       2,         38  
164,    L.BA6.4,          -47,      -1,       49,          -46,       0,         45  
24,    L.BA6.5,          -45,      5,       30,          -43,       4,         28  
160,    L.BA6.6,          -39,      1,       55,          -39,       3,         50  
151,    L.BA6.7,          -28,      -11,       63,          -28,       -7,         56  
107,    L.BA6.8,          -25,      15,       58,          -25,       18,         52  
78,    L.BA6.9,          -24,      3,       51,          -24,       5,         46  
130,    L.BA6.10,          -22,      3,       66,          -22,       7,         59  
114,    L.BA6.11,          -13,      -8,       71,          -13,       -3,         63  
64,    L.BA6.12,          -7,      13,       65,          -6,       17,         57  
57,    L.BA6.13,          -6,      -8,       52,          -5,       -5,         46  
43,    L.BA6.14,          -5,      1,       59,          -4,       4,         52  
89,    L.BA7.1,          -37,      -49,       51,          -37,       -46,         46  
49,    L.BA7.2,          -30,      -41,       53,          -30,       -38,         48  
20,    L.BA7.3,          -27,      -66,       55,          -27,       -62,         49  
154,    L.BA7.4,          -24,      -56,       65,          -24,       -52,         57  
150,    L.BA7.5,          -19,      -72,       44,          -19,       -68,         39  
13,    L.BA7.6,          -13,      -65,       55,          -13,       -61,         48  
77,    L.BA7.7,          -12,      -37,       77,          -12,       -32,         68  
21,    L.BA7.8,          -11,      -46,       62,          -11,       -42,         55  
127,    L.BA7.9,          -8,      -75,       43,          -8,       -71,         38  
63,    L.BA7.10,          -8,      -54,       51,          -7,       -51,         45  
134,    L.BA7.11,          -7,      -64,       62,          -6,       -60,         54  
133,    L.BA8.1,          -42,      10,       43,          -41,       11,         39  
68,    L.BA8.2,          -40,      15,       30,          -39,       14,         28  
117,    L.BA8.3,          -38,      21,       49,          -37,       23,         44  
48,    L.BA8.4,          -24,      25,       47,          -23,       26,         42  
72,    L.BA8.5,          -14,      30,       55,          -13,       32,         49  
100,    L.BA8.6,          -10,      43,       47,          -10,       44,         41  
10,    L.BA8.7,          -6,      21,       46,          -5,       22,         41  
61,    L.BA8.8,          -5,      38,       37,          -5,       37,         33  
157,    L.BA9.1,          -47,      24,       36,          -46,       24,         33  
85,    L.BA9.2,          -40,      32,       26,          -39,       31,         24  
136,    L.BA9.3,          -34,      33,       38,          -33,       33,         34  
26,    L.BA9.4,          -22,      47,       40,          -22,       47,         35  
132,    L.BA9.5,          -23,      35,       37,          -22,       35,         33  
30,    L.BA9.6,          -9,      55,       34,          -9,       53,         29  
80,    L.BA10.1,          -42,      47,       -6,          -41,       43,         -4  
32,    L.BA10.2,          -41,      44,       25,          -40,       43,         23  
69,    L.BA10.3,          -38,      51,       12,          -38,       49,         10  
67,    L.BA10.4,          -32,      52,       1,          -32,       48,         0  
147,    L.BA10.5,          -30,      43,       29,          -30,       42,         26  
93,    L.BA10.6,          -27,      52,       17,          -27,       50,         14  
149,    L.BA10.7,          -27,      58,       -9,          -27,       53,         -9  
70,    L.BA10.8,          -24,      60,       5,          -24,       56,         3  
142,    L.BA10.9,          -20,      50,       28,          -20,       48,         24  
152,    L.BA10.10,          -12,      62,       23,          -12,       59,         19  
87,    L.BA10.11,          -11,      65,       11,          -11,       60,         7  
81,    L.BA10.12,          -9,      64,       -3,          -9,       58,         -5  
58,    L.BA10.13,          -8,      52,       7,          -8,       47,         4  
47,    L.BA10.14,          -5,      53,       -11,          -5,       47,         -13  
99,    L.BA10.15,          -5,      52,       21,          -5,       49,         17  
92,    L.BA11.1,          -26,      46,       -15,          -26,       40,         -14  
39,    L.BA11.2,          -15,      25,       -20,          -15,       20,         -17  
73,    L.BA11.3,          -10,      57,       -17,          -10,       51,         -19  
109,    L.BA11.4,          -6,      33,       -17,          -6,       28,         -16  
90,    L.BA13.1,          -42,      -4,       7,          -40,       -6,         8  
52,    L.BA13.2,          -40,      -22,       13,          -38,       -22,         13  
71,    L.BA13.3,          -40,      10,       2,          -38,       7,         4  
98,    L.BA13.4,          -34,      25,       0,          -33,       21,         1  
139,    L.BA13.5,          -32,      8,       -14,          -31,       4,         -9  
95,    L.BA17.1,          -22,      -62,       7,          -21,       -60,         9  
11,    L.BA17.2,          -17,      -77,       8,          -17,       -74,         10  
112,    L.BA17.3,          -7,      -77,       19,          -7,       -74,         19  
94,    L.BA17.4,          -7,      -84,       5,          -6,       -81,         7  
120,    L.BA18.1,          -33,      -87,       -3,          -33,       -85,         1  
12,    L.BA18.2,          -24,      -95,       -12,          -24,       -92,         -6  
16,    L.BA18.3,          -22,      -84,       -12,          -22,       -82,         -6  
106,    L.BA18.4,          -22,      -90,       17,          -22,       -86,         17  
51,    L.BA18.5,          -18,      -103,       -2,          -17,       -99,         2  
124,    L.BA18.6,          -15,      -99,       9,          -15,       -94,         11  
40,    L.BA18.7,          -13,      -64,       26,          -12,       -61,         25  
108,    L.BA18.8,          -11,      -78,       -6,          -10,       -76,         -1  
27,    L.BA18.9,          -10,      -68,       2,          -9,       -66,         5  
18,    L.BA18.10,          -8,      -95,       -8,          -7,       -92,         -3  
14,    L.BA18.11,          -6,      -93,       15,          -6,       -89,         15  
19,    L.BA19.1,          -46,      -70,       11,          -46,       -69,         13  
22,    L.BA19.2,          -46,      -72,       -1,          -45,       -71,         3  
31,    L.BA19.3,          -41,      -82,       20,          -41,       -79,         20  
33,    L.BA19.4,          -41,      -74,       27,          -41,       -71,         26  
129,    L.BA19.5,          -41,      -71,       -13,          -40,       -71,         -7  
163,    L.BA19.6,          -36,      -85,       11,          -36,       -82,         13  
55,    L.BA19.7,          -31,      -83,       25,          -31,       -79,         24  
161,    L.BA19.8,          -26,      -63,       -9,          -25,       -62,         -4  
131,    L.BA19.9,          -22,      -81,       32,          -22,       -77,         30  
50,    L.BA19.10,          -18,      -48,       -4,          -17,       -48,         0  
15,    L.BA19.11,          -13,      -76,       31,          -13,       -72,         29  
36,    L.BA19.12,          -12,      -89,       34,          -12,       -84,         31  
8,    L.BA20.1,          -56,      -18,       -25,          -52,       -20,         -19  
3,    L.BA20.2,          -44,      -33,       -22,          -41,       -34,         -16  
119,    L.BA21.1,          -65,      -36,       -7,          -61,       -37,         -2  
156,    L.BA21.2,          -62,      -18,       -4,          -58,       -19,         0  
103,    L.BA21.3,          -59,      -40,       7,          -56,       -40,         9  
4,    L.BA21.4,          -59,      -33,       -19,          -55,       -35,         -13  
104,    L.BA21.5,          -58,      -22,       -12,          -54,       -24,         -7  
74,    L.BA21.6,          -55,      -5,       -20,          -52,       -8,         -15  
82,    L.BA22.1,          -61,      -36,       18,          -58,       -35,         18  
118,    L.BA22.2,          -55,      5,       -7,          -52,       1,         -3  
148,    L.BA22.3,          -49,      -21,       2,          -46,       -22,         4  
37,    L.BA22.4,          -44,      -2,       -10,          -42,       -5,         -6  
116,    L.BA23.1,          -11,      -55,       10,          -10,       -54,         11  
144,    L.BA23.2,          -6,      -34,       32,          -5,       -32,         30  
153,    L.BA23.3,          -6,      -55,       25,          -5,       -53,         24  
146,    L.BA24.1,          -6,      11,       36,          -5,       11,         32  
53,    L.BA24.2,          -5,      -9,       38,          -4,       -8,         34  
123,    L.BA31.1,          -9,      -24,       47,          -8,       -22,         42  
143,    L.BA31.2,          -9,      -39,       48,          -8,       -36,         43  
88,    L.BA31.3,          -8,      -49,       38,          -7,       -46,         35  
17,    L.BA31.4,          -6,      -65,       39,          -5,       -62,         35  
60,    L.BA32.1,          -7,      38,       -4,          -7,       34,         -4  
121,    L.BA32.2,          -7,      35,       22,          -7,       33,         19  
2,    L.BA36.1,          -27,      -24,       -22,          -25,       -25,         -16  
97,    L.BA37.1,          -60,      -51,       -17,          -56,       -52,         -11  
162,    L.BA37.2,          -59,      -49,       -4,          -56,       -49,         0  
34,    L.BA37.3,          -51,      -60,       -7,          -49,       -60,         -1  
140,    L.BA37.4,          -43,      -50,       -19,          -40,       -51,         -13  
122,    L.BA37.5,          -28,      -42,       -14,          -26,       -43,         -8  
135,    L.BA38.1,          -50,      10,       -20,          -48,       5,         -15  
5,    L.BA38.2,          -48,      4,       -33,          -46,       -1,         -27  
62,    L.BA38.3,          -34,      17,       -28,          -34,       11,         -22  
1,    L.BA38.4,          -30,      0,       -36,          -30,       -4,         -29  
38,    L.BA39.1,          -60,      -48,       23,          -58,       -47,         23  
111,    L.BA39.2,          -54,      -62,       20,          -53,       -61,         21  
65,    L.BA39.3,          -52,      -48,       39,          -52,       -46,         36  
42,    L.BA39.4,          -51,      -59,       36,          -51,       -57,         34  
66,    L.BA39.5,          -53,      -55,       9,          -51,       -54,         11  
105,    L.BA39.6,          -49,      -51,       24,          -48,       -50,         24  
29,    L.BA39.7,          -45,      -55,       52,          -45,       -52,         47  
101,    L.BA39.8,          -44,      -61,       26,          -44,       -59,         26  
35,    L.BA39.9,          -40,      -62,       44,          -40,       -59,         40  
76,    L.BA39.10,          -40,      -73,       39,          -40,       -70,         36  
23,    L.BA39.11,          -32,      -55,       42,          -32,       -52,         38  
91,    L.BA39.12,          -30,      -65,       39,          -30,       -62,         36  
45,    L.BA39.13,          -27,      -76,       36,          -27,       -72,         33  
158,    L.BA40.1,          -61,      -25,       20,          -58,       -25,         20  
96,    L.BA40.2,          -58,      -36,       36,          -57,       -34,         34  
102,    L.BA40.3,          -58,      -24,       31,          -56,       -23,         29  
9,    L.BA40.4,          -49,      -42,       47,          -49,       -39,         43  
113,    L.BA40.5,          -49,      -35,       20,          -47,       -34,         20  
145,    L.BA40.6,          -42,      -33,       42,          -41,       -31,         39  
138,    L.BA40.7,          -40,      -32,       16,          -38,       -32,         16  
128,    L.BA41.1,          -59,      -22,       10,          -56,       -22,         11  
110,    L.BA44.1,          -54,      7,       18,          -51,       5,         18  
141,    L.BA44.2,          -53,      18,       26,          -51,       17,         24  
126,    L.BA44.3,          -36,      14,       13,          -34,       12,         13  
56,    L.BA45.1,          -53,      18,       10,          -51,       15,         11  
159,    L.BA45.2,          -53,      30,       9,          -51,       28,         9  
54,    L.BA45.3,          -45,      24,       2,          -43,       21,         3  
28,    L.BA46.1,          -47,      29,       21,          -46,       28,         20  
44,    L.BA46.2,          -42,      40,       10,          -41,       38,         10  
84,    L.BA47.1,          -50,      38,       0,          -49,       35,         1  
25,    L.BA47.2,          -47,      29,       -9,          -46,       25,         -6  
6,    L.BA47.3,          -34,      21,       -15,          -33,       16,         -11  
59,    L.BA47.4,          -30,      34,       -15,          -30,       29,         -12  
328,    L.BA48.1,          -12,      9,       8,          -11,       6,         8  
329,    L.BA49.1,          -25,      3,       0,          -24,       0,         2  
330,    L.BA50.1,          -10,      -19,       7,          -9,       -20,         8  
368,    R.BA50.2,         0,      -26,     -30,          0,         -27,        -22  
331,    L.BA51.1,          -19,      0,       -1,          -18,       -2,         1  
332,    L.BA52.1,          -10,      10,       -11,          -10,       6,         -7  
333,    L.BA53.1,          -21,      -1,       -21,          -21,       -4,         -15  
334,    L.BA54.1,          -28,      -22,       -13,          -26,       -23,         -8  
318,    R.BA101.1,         25,      -33,     69,          26,         -28,        61  
234,    R.BA101.2,         42,      -24,     57,          43,         -20,        51  
232,    R.BA101.3,         46,      -10,     14,          44,         -11,        15  
202,    R.BA101.4,         56,      -20,     36,          55,         -18,        34  
187,    R.BA104.1,         7,      -31,     65,          7,         -27,        58  
241,    R.BA104.2,         45,      -17,     41,          44,         -15,        38  
247,    R.BA104.3,         59,      -6,     26,          56,         -6,        26  
267,    R.BA106.1,         6,      8,     54,          6,         11,        48  
207,    R.BA106.2,         7,      -8,     65,          7,         -4,        58  
221,    R.BA106.3,         9,      6,     68,          9,         10,        60  
294,    R.BA106.4,         17,      17,     61,          17,         21,        55  
317,    R.BA106.5,         22,      -2,     68,          23,         2,        61  
248,    R.BA106.6,         27,      7,     54,          27,         10,        49  
252,    R.BA106.7,         28,      -14,     66,          29,         -9,        59  
275,    R.BA106.8,         33,      -6,     53,          33,         -3,        48  
219,    R.BA106.9,         42,      5,     33,          41,         5,        32  
266,    R.BA106.10,         49,      -5,     48,          48,         -2,        44  
170,    R.BA106.11,         56,      5,     34,          54,         5,        33  
208,    R.BA107.1,         4,      -64,     40,          4,         -61,        36  
185,    R.BA107.2,         5,      -56,     50,          5,         -53,        44  
203,    R.BA107.3,         8,      -37,     76,          8,         -32,        67  
210,    R.BA107.4,         8,      -49,     57,          8,         -45,        50  
227,    R.BA107.5,         11,      -65,     63,          11,         -61,        55  
260,    R.BA107.6,         11,      -74,     49,          11,         -70,        43  
299,    R.BA107.7,         18,      -53,     70,          19,         -48,        61  
189,    R.BA107.8,         25,      -69,     50,          26,         -65,        44  
237,    R.BA107.9,         28,      -76,     39,          29,         -72,        35  
286,    R.BA107.10,         29,      -58,     60,          30,         -54,        53  
231,    R.BA107.11,         31,      -42,     55,          32,         -38,        49  
213,    R.BA107.12,         33,      -52,     45,          34,         -49,        41  
209,    R.BA108.1,         5,      34,     39,          4,         34,        35  
279,    R.BA108.2,         4,      21,     57,          4,         24,        51  
270,    R.BA108.3,         6,      22,     44,          6,         23,        39  
230,    R.BA108.4,         10,      35,     54,          10,         37,        48  
228,    R.BA108.5,         21,      30,     51,          21,         32,        46  
183,    R.BA108.6,         26,      29,     40,          26,         30,        37  
325,    R.BA108.7,         31,      19,     51,          31,         22,        47  
291,    R.BA108.8,         42,      24,     41,          41,         26,        38  
193,    R.BA108.9,         42,      8,     49,          42,         10,        46  
256,    R.BA109.1,         6,      46,     26,          5,         44,        22  
271,    R.BA109.2,         7,      48,     41,          6,         48,        36  
319,    R.BA109.3,         11,      59,     29,          10,         57,        24  
283,    R.BA109.4,         21,      45,     42,          20,         45,        37  
184,    R.BA109.5,         26,      41,     31,          25,         41,        28  
295,    R.BA109.6,         38,      35,     30,          37,         35,        28  
246,    R.BA109.7,         50,      26,     26,          49,         26,        26  
175,    R.BA110.1,         6,      43,     -5,          5,         38,        -6  
211,    R.BA110.2,         6,      56,     15,          5,         52,        11  
245,    R.BA110.3,         6,      57,     -9,          5,         51,        -11  
281,    R.BA110.4,         8,      58,     3,          7,         52,        0  
315,    R.BA110.5,         9,      45,     8,          8,         41,        6  
264,    R.BA110.6,         15,      64,     13,          14,         60,        9  
251,    R.BA110.7,         18,      64,     -3,          17,         59,        -5  
206,    R.BA110.8,         21,      52,     25,          20,         50,        21  
311,    R.BA110.9,         24,      49,     -15,          23,         43,        -15  
308,    R.BA110.10,         29,      53,     11,          28,         50,        9  
314,    R.BA110.11,         31,      54,     -5,          30,         50,        -4  
254,    R.BA110.12,         33,      48,     27,          32,         48,        24  
176,    R.BA110.13,         40,      52,     2,          39,         49,        2  
243,    R.BA110.14,         41,      47,     17,          40,         46,        16  
306,    R.BA111.1,         3,      27,     -9,          2,         23,        -7  
235,    R.BA111.2,         4,      36,     -19,          3,         31,        -19  
215,    R.BA111.3,         11,      56,     -18,          10,         50,        -20  
261,    R.BA111.4,         14,      24,     -19,          13,         19,        -16  
179,    R.BA111.5,         25,      33,     -19,          24,         28,        -16  
238,    R.BA113.1,         37,      22,     5,          35,         19,        7  
293,    R.BA113.2,         42,      -4,     6,          40,         -6,        8  
300,    R.BA113.3,         43,      8,     5,          40,         5,        7  
190,    R.BA117.1,         7,      -83,     4,          7,         -80,        6  
326,    R.BA117.2,         13,      -69,     9,          13,         -67,        11  
239,    R.BA118.1,         2,      -93,     14,          1,         -89,        15  
242,    R.BA118.2,         6,      -82,     20,          6,         -78,        20  
312,    R.BA118.3,         8,      -89,     -7,          8,         -86,        -2  
277,    R.BA118.4,         10,      -71,     24,          10,         -68,        23  
173,    R.BA118.5,         11,      -48,     8,          11,         -47,        10  
172,    R.BA118.6,         14,      -94,     18,          14,         -90,        18  
182,    R.BA118.7,         16,      -72,     -6,          16,         -70,        -1  
186,    R.BA118.8,         23,      -84,     -9,          24,         -82,        -3  
288,    R.BA118.9,         24,      -96,     6,          24,         -93,        8  
255,    R.BA118.10,         26,      -96,     -9,          27,         -94,        -3  
280,    R.BA119.1,         15,      -67,     34,          15,         -64,        31  
196,    R.BA119.2,         18,      -53,     -4,          18,         -52,        0  
201,    R.BA119.3,         18,      -84,     37,          18,         -80,        34  
302,    R.BA119.4,         26,      -90,     21,          26,         -86,        21  
195,    R.BA119.5,         30,      -79,     24,          31,         -76,        23  
273,    R.BA119.6,         37,      -86,     14,          38,         -83,        15  
322,    R.BA119.7,         40,      -83,     -8,          41,         -82,        -2  
307,    R.BA119.8,         44,      -74,     11,          45,         -72,        13  
223,    R.BA119.9,         47,      -74,     21,          48,         -72,        21  
177,    R.BA119.10,         48,      -70,     -2,          49,         -69,        2  
165,    R.BA120.1,         33,      1,     -38,          32,         -3,        -30  
169,    R.BA120.2,         45,      -19,     -28,          43,         -21,        -21  
205,    R.BA120.3,         60,      -20,     -26,          57,         -23,        -19  
192,    R.BA121.1,         52,      -34,     0,          50,         -34,        3  
297,    R.BA121.2,         55,      -17,     -12,          52,         -19,        -6  
217,    R.BA121.3,         56,      -6,     -29,          53,         -10,        -22  
268,    R.BA121.4,         59,      -5,     -17,          56,         -8,        -11  
199,    R.BA121.5,         61,      -34,     -19,          58,         -36,        -12  
303,    R.BA121.6,         64,      -38,     -6,          61,         -39,        0  
284,    R.BA121.7,         66,      -21,     -14,          62,         -23,        -8  
285,    R.BA122.1,         45,      -1,     -9,          42,         -4,        -4  
253,    R.BA122.2,         53,      -44,     13,          52,         -43,        14  
324,    R.BA122.3,         60,      4,     1,          56,         1,        4  
296,    R.BA122.4,         62,      -14,     -4,          58,         -16,        0  
292,    R.BA122.5,         64,      -34,     9,          61,         -34,        11  
204,    R.BA123.1,         3,      -21,     38,          3,         -19,        35  
191,    R.BA123.2,         5,      -56,     27,          5,         -53,        26  
263,    R.BA123.3,         5,      -40,     36,          5,         -38,        33  
214,    R.BA123.4,         17,      -57,     20,          17,         -55,        20  
265,    R.BA123.5,         24,      -54,     8,          24,         -53,        10  
226,    R.BA124.1,         3,      13,     29,          2,         12,        26  
320,    R.BA124.2,         4,      -1,     37,          4,         0,        34  
301,    R.BA124.3,         6,      -12,     49,          6,         -9,        44  
269,    R.BA131.1,         5,      -40,     46,          5,         -37,        42  
276,    R.BA131.2,         10,      -31,     48,          10,         -28,        43  
313,    R.BA132.1,         5,      10,     41,          5,         11,        37  
327,    R.BA132.2,         6,      31,     22,          5,         29,        20  
167,    R.BA136.1,         22,      -33,     -10,          21,         -34,        -5  
298,    R.BA136.2,         31,      -25,     -22,          29,         -27,        -15  
257,    R.BA137.1,         29,      -50,     -13,          28,         -50,        -7  
240,    R.BA137.2,         37,      -67,     -15,          38,         -67,        -9  
282,    R.BA137.3,         44,      -43,     -21,          42,         -44,        -14  
244,    R.BA137.4,         48,      -58,     -13,          48,         -59,        -7  
174,    R.BA137.5,         49,      -60,     9,          49,         -59,        11  
212,    R.BA137.6,         55,      -52,     -24,          54,         -54,        -16  
272,    R.BA137.7,         56,      -54,     -4,          55,         -54,        0  
197,    R.BA137.8,         59,      -48,     -16,          57,         -49,        -9  
304,    R.BA137.9,         60,      -51,     6,          59,         -50,        9  
262,    R.BA138.1,         37,      16,     -27,          35,         10,        -20  
323,    R.BA138.2,         47,      11,     -36,          45,         5,        -28  
216,    R.BA138.3,         53,      10,     -21,          50,         5,        -14  
287,    R.BA139.1,         33,      -70,     42,          34,         -66,        38  
233,    R.BA139.2,         36,      -63,     52,          37,         -59,        46  
220,    R.BA139.3,         38,      -76,     32,          39,         -72,        30  
181,    R.BA139.4,         44,      -68,     38,          45,         -65,        35  
180,    R.BA139.5,         46,      -60,     22,          47,         -58,        22  
249,    R.BA139.6,         47,      -58,     47,          48,         -54,        43  
236,    R.BA139.7,         53,      -48,     35,          53,         -45,        33  
259,    R.BA139.8,         52,      -58,     30,          53,         -56,        29  
321,    R.BA139.9,         56,      -51,     21,          56,         -49,        21  
316,    R.BA140.1,         40,      -31,     41,          40,         -28,        38  
222,    R.BA140.2,         44,      -46,     49,          45,         -43,        44  
225,    R.BA140.3,         50,      -30,     18,          48,         -29,        18  
289,    R.BA140.4,         47,      -35,     53,          48,         -31,        48  
250,    R.BA140.5,         56,      -40,     42,          56,         -37,        39  
198,    R.BA140.6,         60,      -29,     38,          59,         -27,        35  
229,    R.BA140.7,         62,      -21,     21,          59,         -20,        21  
258,    R.BA140.8,         60,      -37,     25,          59,         -35,        24  
274,    R.BA141.1,         39,      -23,     13,          37,         -23,        14  
218,    R.BA141.2,         57,      -16,     5,          54,         -17,        7  
166,    R.BA144.1,         39,      17,     29,          38,         17,        28  
188,    R.BA144.2,         51,      18,     7,          48,         16,        9  
309,    R.BA144.3,         55,      7,     17,          52,         5,        18  
224,    R.BA144.4,         56,      16,     24,          54,         16,        24  
290,    R.BA145.1,         58,      25,     10,          55,         23,        12  
200,    R.BA146.1,         45,      36,     16,          44,         35,        16  
278,    R.BA146.2,         48,      41,     3,          47,         39,        4  
305,    R.BA146.3,         53,      34,     11,          51,         33,        12  
178,    R.BA147.1,         32,      22,     -20,          31,         17,        -15  
168,    R.BA147.2,         35,      34,     -14,          33,         29,        -10  
310,    R.BA147.3,         40,      21,     -10,          38,         17,        -5  
171,    R.BA147.4,         44,      45,     -10,          42,         41,        -7  
194,    R.BA147.5,         51,      30,     -8,          49,         26,        -3  
335,    R.BA148.1,         13,      11,     8,          12,         8,        9  
336,    R.BA149.1,         26,      4,     0,          25,         1,        2  
337,    R.BA150.1,         9,      -17,     7,          8,         -18,        8  
338,    R.BA151.1,         20,      0,     -1,          19,         -2,        1  
339,    R.BA152.1,         11,      9,     -10,          10,         6,        -6  
340,    R.BA153.1,         24,      0,     -20,          23,         -3,        -14  
341,    R.BA154.1,         29,      -19,     -14,          28,         -20,        -9  
